656008
6841
276822
416201
409847
201750
525400
49987
109866
793376
153957
933213
406759
214868
799819
656700
709182
359413
665654
223881
751891
389262
59846
64898
444362
141395
424139
697258
89165
611238
850784
396897
241725
668149
400353
242702
444210
724416
322250
225400
553457
429688
715501
223092
539945
611011
532304
290425
369834
40220
186209
759951
737955
289496
600278
637286
686294
855811
963749
902915
284122
225897
674077
772885
314764
576880
76704
539558
558420
911266
720829
625581
744719
173065
30062
669888
777054
93875
43563
561254
642954
346326
811560
700170
734482
582092
100466
15820
416916
678591
826722
102450
326420
208096
996411
349244
242027
251920
159142
975701
